x = 0.0000000000 y = 0.0000000000 z = 0.0000000000
x = 0.0000000000 y = 0.0000000000 z = 0.0000000000
x = 0.0000000000 y = 0.0000000000 z = 0.0000000000
